Genus	captive_mean	wild_mean	captive_bonobo_mean	captive_chimp_mean	captive_gorilla_mean	captive_orangutan_mean	industrialized_human_mean	non_industrialized_human_mean	wild_bonobo_mean	wild_chimp_mean	wild_gorilla_mean	captive_vs_wild_allspecies	captive_vs_wild_bonobo	captive_vs_wild_chimp	captive_vs_wild_gorilla
Acinetobacter	2.07046839171191e-05	0.0721191508976174	0	7.97130330809087e-06	1.42344701930194e-05	4.9820645675568e-05	3.13158344246427e-05	0.000423847284105578	0.0129302626486677	5.43497952824378e-05	0.149372486321968	0	2.36877184534023e-11	1	1
Bifidobacterium	0.000304100045032688	0.0268391879419765	0.000154997564323989	0	0.000279944580462715	0.00073372223631291	0.027795649945909	0.00239213458415376	0.00918865995459823	0.0233862639950723	0.0363486901699337	1	1	0.000387679573445432	1
Escherichia/Shigella	0.000619846474768755	0.00181812319152378	2.21425091891413e-05	7.97130330809087e-05	0	0.00206982137033951	0.0195944599442009	0.0119071343164607	0.00201159882394395	0.000760142275686317	0.00253575763614624	2.31701228550207e-05	1	1	1
Prevotella_9	0.099152143193594	0.00994087069044807	0.0733027766706523	0.177943403746513	0.0569900738294521	0.0604369723540708	0.0424621363092866	0.189786172763127	0.0160451360609054	0.0185740425377731	0.00107284231312729	0	0	0.0129427016967965	0
Coriobacteriaceae_UCG-003	0.000324804728949807	0.0478312557551436	0	0.000761259465922678	9.48964679534628e-06	0.000262690677198449	2.84689403860388e-06	0.000104846433436643	0.0437555235933249	0.11338575069145	0.000263256820899308	1	0	1	1
Sarcina	0.0101828223589882	0.0100709065401689	0.00126212302378105	0.00413312076524512	0.0201987132038946	0.0111462371825066	0	0.0181860228550353	0.00671784474442731	0.0113538232061548	0.01042327167651	1	1	1	1
Flexilinea	7.76425646891968e-06	0.0428076960078994	0	0	2.84689403860388e-05	0	0	0	0.0325321595878027	0.00118663719699989	0.0780519674625892	0	1	1	1
Ruminobacter	0.00803600544533187	2.37870456806425e-06	0.0118462424161906	0.00154643284176963	0.0196150999259808	0.00279901445704555	0	0.00607514440551329	0	6.79372441030472e-06	0	0	0	0	0
Bacteroides	0.00320793196440865	0.000816952868876289	0.00049820645675568	0.00276604224790753	0.0020497637077948	0.00592412768578572	0.187812446620737	0.0258680689815173	3.46578404699603e-05	0.00231288573257485	1.69843110257618e-06	3.38395977905748e-13	0	6.6581157032175e-07	0
Akkermansia	0.000109993633309695	0.000896771622160223	0	0	0	0.000384977716583934	0.0191240107043216	0.000339077827284462	0	0.00256123410268488	0	1	NA	1	NA
Clostridium_sensu_stricto_1	0.00690501208635924	0.00397217232815974	0.00834772596430628	0.0103148664806696	0.000218261876292964	0.0088227834341824	0.00700691795251381	0.00986523143548896	0.000109749828154874	0.00261633875623513	0.00650329269176419	1	0	0.000755486048308995	1
Lactobacillus	0.00798941990651835	0.00538697294514284	0.00555776980647447	0.0194499800717417	0.00244832887319934	0.00125004529149607	0.000259779081022604	0.001099772163495	0.000348022481385852	0.000249858086645651	0.0112153067140114	9.41349931338209e-09	4.40573289850477e-07	0	1
Treponema_2	0.0839406707282355	0.0113252767490615	0.129777246357557	0.08052212036668	0.0842158704853005	0.0688113699771731	5.69378807720777e-05	0.0458848146671981	0.000828900017906551	0.0141762382695025	0.0133021123953766	0.00256457685480438	0	5.17492793683516e-06	0
Clostridium_sensu_stricto_6	3.62331968549585e-05	0.00078761551253683	0	9.56556396970905e-05	0	1.81165984274793e-05	0	0.000248359636651339	0	0	0.00168710822855901	1	NA	4.0152938751703e-09	1
Succinivibrionaceae_UCG-001	0.0102099972566294	0	6.64275275674239e-05	0	0.037365484256676	4.07623464618283e-05	0	0	0	0	0	0.186289233701769	0.110023720786343	NA	0
Prevotella_2	0.0117486140802203	1.03077197949451e-05	0.0143926309729419	0.0188521323236349	0.00521456091404278	0.00883184173339614	0.00530447531742869	0.0224036751277491	0	2.94394724446538e-05	0	0	0	0	0
Staphylococcus	0	0.0209275784893217	0	0	0	0	2.91806638956898e-05	1.26410593505172e-05	0.00935472877351679	0.0052221094967209	0.0372437633609913	0.000616466721838904	1	1	1
Brevundimonas	0	0.011715384298224	0	0	0	0	0	0	0.00248236782366091	0	0.0241216846624878	0	1	NA	1
Faecalibacterium	0.0231323081064014	0.00504946119698528	0.0306009476993933	0.0196771622160223	0.0223528630264382	0.0247472734519367	0.0691247224278312	0.0585682587461259	0.00822112857481184	0.00931193159172434	0.00060917062212399	0	0	0	0
Succinivibrio	0.0082715212248891	0.000764885668886439	0.00340994641512776	0.0146313272220008	0.00718840744747481	0.00406717634696909	0.000765102772874794	0.0283613320404752	0.00211846049872632	0.00105604671666848	1.58520236240444e-05	0	1	0	0
Blautia	0.00900912558943647	0.0125659033315608	0.00366458527080289	0.0127939418094859	0.00456452010856156	0.0111371788832929	0.0536575471160963	0.0302284908657192	0.0145519607673246	0.0170439448289189	0.00842874741838472	1	1	1	0.114562619293423
Rikenellaceae_RC9_gut_group	0.0224037620410677	0.0246254068906314	0.0155218989415881	0.00932243921881228	0.0255698532900605	0.0370620312330157	0.00419988043045038	0.0171070712598823	0.00640303602682517	0.0339354082877399	0.0247869035109968	1	0.0939041137526928	1	1
Ruminococcus_2	0.00878266810909298	0.00178587852960113	0.00194854080864444	0.000948585093662814	0.029598208354685	0.000611435196927425	0.0324617092751808	0.010969465149343	0.00468602884687588	0.00262011304757419	2.32118917352078e-05	0	1	1	0
Fusobacterium	0	1.32150253781347e-06	0	0	0	0	0.00323763024540227	0.00123659304117119	0	3.77429133905818e-06	0	1	NA	1	NA
Prevotella_7	0.0139769556868002	0.0298968805139693	0.0106837606837607	0.0111159824631327	0.0174467156332441	0.0152632341751513	0.00126757957068838	0.00636440158712218	0.0407633966994183	0.0321448844764907	0.0239507092648284	1	0	1	1
Anaerostipes	0.00199282582702272	0.00671772600072101	0.00596740622647358	0.00154244719011558	0.00217787393953197	0.000702018189064821	0.0119676308147811	0.00922128100033908	0.00643480571392263	0.00505755039433796	0.0080737753179463	1	1	1	1
Cerasicoccus	0.0093675754297516	0.00503228166399371	0.0219764403702228	0.00301315265045835	0.00375790013095713	0.0167850284430595	0	2.23077517950304e-06	0.011530952339693	0.00826116888293054	6.28419507953187e-05	0.0125292155852934	0	1	0
Alistipes	0	3.27732629377741e-05	0	0	0	0	0.0344908330011957	0.00182031254647448	0	8.9073275601773e-05	3.39686220515236e-06	1	NA	1	1
Flavobacterium	0	0.00908030823782394	0	0	0	0	0	0	0.00143830037950335	1.50971653562327e-06	0.0188854215732454	3.83927156732966e-07	1	1	1
Christensenellaceae_R-7_group	0.0159853100267608	0.0136614289354081	0.0166179531464506	0.0110083698684735	0.017565336218186	0.0198739084749447	0.017610174799294	0.00537616818260233	0.00840308223727913	0.017869004915637	0.012567257871662	1	0.253635749404483	1	1
Kurthia	2.71748976412189e-05	0.0134090219506858	0	8.36986847349542e-05	0	0	0	0.000479616663593154	0.00120147180295862	1.28325905527978e-05	0.0282420785173376	1.54105528338278e-09	1	0.412858146051363	1
Ruminococcaceae_UCG-001	0.000469737516369641	0.000178402842604819	0	0	0.00167492265937862	4.52914960686981e-05	0.00123768718328304	0.000242410902839331	0	0.000509529330772854	0	1	NA	1	2.48157050464215e-12
Aerococcus	0	0.00221087374576194	0	0	0	0	0	0	0	2.26457480343491e-06	0.00473409362658067	0.017750412778792	NA	1	1
Agathobacter	0.00571061063289043	0.00224523281174509	0.00327709135999291	0.00614188919888402	0.00760595190647004	0.00440686256748433	0.0331677389967545	0.0142197045858789	0.00619364490731916	0.00207435051994637	0.000825437515852024	8.11538978240378e-08	1	0.000676970270864885	0
Pediococcus	0	0	0	0	0	0	2.91806638956898e-05	0.00123287508253868	0	0	0	NA	NA	NA	NA
Ruminococcus_1	0.0277986262442221	0.00343564229780747	0.0294052522031797	0.0206855320844958	0.0191975554669855	0.0434345447298815	0.0131704435460912	0.0105106690540918	0.00226286816735116	0.00655141490633719	0.00155859360846407	0	0	0	0
Ruminococcaceae_UCG-014	0.026635281816629	0.00459142841737913	0.0265820822815641	0.0154563571143882	0.0281984854523715	0.0378682198630385	0.0158451004953596	0.0149290910929609	0.00430768075507882	0.00513907508726162	0.00429193539621001	2.25597318603832e-13	0	0.00108456245276578	0
DNF00809	0	0.00381227052108431	0	0	0	0	0	0	0	0	0.00816605674118628	0	NA	NA	1
Mogibacterium	0.000292453660329308	0.00934751605096982	7.74987821619946e-05	0.000275009964129135	0.000132855055134848	0.000552556252038117	0.000331663155497352	0.0010239258073919	0.00503549540494798	0.00732665434737974	0.0125536704228414	0	0.0932368069923761	1	2.94404500778001e-11
Ruminococcaceae_UCG-002	0.0211808916472129	0.00511342191981545	0.0160533191621275	0.0129294539657234	0.0177883429178766	0.0358935106344433	0.0265159710755566	0.0399977989684896	0.00843918415443534	0.00960481659963525	0.000441025942968948	0	1	1	0
Streptococcus	0.0126751486855114	0.00164342055602484	0	0.0390195296931048	1.89792935906926e-05	4.52914960686981e-06	0.00778696691909127	0.00373283046703509	0.000254157496779709	0.000837892677270916	0.00279222073263524	0	1	0	1
Enterococcus	0.000144932787419834	0.00016571641824181	0	0	0	0.000507264755969419	0.0014312759779081	0.000899745989066227	5.05426840186921e-05	3.92526299262051e-05	0.000305717598463712	1	1	1	1
Lachnospiraceae_NK3A20_group	0.00359096861687535	0.0123774570696686	0.00102962667729507	0.00179354324432045	0.00382907248192222	0.00645403818978948	2.84689403860388e-06	0.000206718499967282	0.0265045834994022	0.00821210309552278	0.00996299684771187	1	0	1	1
Saccharofermentans	0.00594742045519248	0	0.00223639342810327	0.00580310880829016	0.0139402911423637	0	0	0	0	0	0	0	0	0	0
Lactococcus	2.58808548963989e-06	0.000258485896396315	0	7.97130330809087e-06	0	0	0.000347321072709674	0.00148123471919002	0.000573298444440594	6.64275275674239e-05	0.000279108844523352	1	1	1	1
Dialister	0.00491218625933652	0.0262220462568176	0.00239139099242726	0.00115185332801913	0.00595949818747746	0.00921681944998007	0.0118957467403063	0.00456193524208372	0.0575594526371728	0.0193326750969238	0.019103386898076	1	0	1	1
Subdoligranulum	0.0103186968471943	0.00729337250619256	0.00769452194322661	0.0175209246711837	0.00643398052724478	0.00691601144969021	0.0246341741160394	0.0207239014175833	0.0084319637710041	0.00908396439484522	0.00550404905974854	1.00537445035798e-09	1	1	0
Rhodococcus	0	0.000408079983676801	0	0	0	0	0	0	0.00207080596808013	7.54858267811636e-07	6.17096633936012e-05	1	1	1	1
Methanobrevibacter	0.0054686246396091	0.0100835929645319	0.00181568575350959	0.00186129932243922	0.00449809258099414	0.0119886590093844	0.0045479132266697	0.00443701183203155	0.0140176523934127	0.0143528751041704	0.00533930124279865	1	1	1	1
Catenibacterium	0.00611046984103979	0	0.0110712545945707	0.00692706257473097	0.00744937273434683	0.0018750679372441	0.00551372202926607	0.00633019636770313	0	0	0	0	0	0	0
Oribacterium	0.00320016770793973	0.0173883303925497	0.00188211328107701	0.00324033479473894	0.0023676668754389	0.00448838726040799	2.84689403860388e-06	0.000725001933338489	0.0482827040047135	0.0187770994118144	0.00423475488242328	1	1	1	1
Stenotrophomonas	0	0.00806354418523025	0	0	0	0	0	0	0.00241738437277973	1.50971653562327e-06	0.0163236213268597	5.56548584995653e-10	1	1	1
Lachnospiraceae_ND3007_group	0.00409435124461031	0.00870553011810004	0.0035095877064789	0.00583897967317656	0.00371045189698039	0.00271748976412189	0.00300418493423675	0.00245162192227384	0.0135411070869507	0.0071749278355496	0.00795771585927026	0.00763402252172796	1	0.80921039268057	0
Chishuiella	0	0.011062033443529	0	0	0	0	0	0	0.000810127020985322	0	0.0233777718395594	0	1	NA	1
Holdemanella	0.00496653605461896	0.00553048812074939	0.00356494397945175	0.00522120366679952	0.00449334775759646	0.0057021993550491	0.008026106018334	0.0108780033669833	0.0195253608747639	0.00389582352017585	0.00126986032102612	2.25597318603832e-13	0	1	3.59322159582121e-07
Erysipelotrichaceae_UCG-003	0.00238362673595834	0.00332622188767651	0.00477171073025995	0.00163810282981267	0.00367723813319668	0.00101905866154571	0.00899689688549792	0.0042533446755858	0.00423692099745265	0.00548555503218716	0.0013496865828472	0.203988975699742	4.73773416249657e-05	1	0
Romboutsia	0.000143638744675014	0	0	0.000203268234356317	0	0.000271748976412189	0.00770156009793316	0.00316100842935581	0	0	0	0.12087870443545	NA	4.0152938751703e-09	NA
Prevotellaceae_UCG-001	0.00393647802974228	0.00606463944653359	0.00951020769673619	0.00552411319250697	0.00190267418246693	0.00179354324432045	0.000270454933667369	0.00385998465226677	0.0151772459724701	0.00938515284370207	1.69843110257618e-06	0	0	1	0
Chryseobacterium	0	0.00139762108399153	0	0	0	0	0	0	4.33223005874504e-06	0	0.00299206945903837	3.88313381103345e-05	1	NA	1
Collinsella	0.000155285129378394	0.00420581397684516	2.21425091891413e-05	0.000195296931048226	8.06619977604434e-05	0.00023551577955723	0.0126722370893355	0.00275203297978025	0.00763627751688126	0.00685788736306871	0.000871861299322439	1	0	1	1
Erysipelotrichaceae_UCG-004	0.00760508921130683	0.0111344517826012	0.00295602497675037	3.58708648864089e-05	0.0152878209873029	0.0107748469147433	0	0	0.0112305843889534	0.0229250455934394	0.00225381807311859	1	1	0.890520012878889	8.24918027220178e-07
XBB1006	0	0.000391957652715476	0	0	0	0	0	0	4.62104539599471e-05	0.000234760921289419	0.000645403818978949	1	1	1	1
Senegalimassilia	0.000119051932523435	0.0155390197411335	0	0.000251096054204862	0	0.000131345338599225	0.00132380572795081	0.000792668780450081	0.0131670912252124	0.00959349372561808	0.0209280680459437	0	0	0.000417713854433899	0
Tetragenococcus	0	0.000314253303492044	0	0	0	0	0	0	0	0.000897526480428035	0	1	NA	1	NA
Megamonas	0	0	0	0	0	0	0.00138572567329044	0.00177941500151693	0	0	0	NA	NA	NA	NA
Nocardioides	0	0.00299716775576096	0	0	0	0	0	0	0.000551637294146868	0	0.00620380267400993	0	1	NA	1
Phascolarctobacterium	0.0179328443577148	0.00419339185298971	0.00895664496700766	0.0388361897170187	0.00820379965457686	0.00713793978042683	0.0110310026760804	0.0136605236075501	0.00219355248641124	0.00839326907979758	0.00182751186637197	7.25972171267131e-09	8.32611467673772e-05	1.97437487496899e-05	0
Anaerovibrio	0.00159814278985263	0.00390556860025394	0.000653204021079669	0.00276604224790753	0.0011482472622369	0.00108699590564876	2.91806638956898e-05	0.00191995383782562	0.0123699608944033	0.00372145126031136	0.000725230080800029	2.50631548492919e-06	1	1	2.12738271443413e-10
Megasphaera	0.00207176243445673	7.92901522688084e-06	0	0.00594260661618175	0	0.00049820645675568	0.00100495359562717	0.000400052348857546	0	2.03811732309142e-05	1.69843110257618e-06	4.89343341181225e-05	NA	0	1
Prevotella_1	0.0125328039835812	0.00208559530517722	0.0199393295248218	0.015874850538063	0.00685152498624001	0.0111281205840791	0	1.04102841710142e-05	0.00073359095661416	0.00557311859125331	0	0	0	2.21594493492461e-05	0
Solobacterium	0.0024522110014338	0.00824168272732751	0.00190425579026615	0.00252690314866481	0.00254797016455048	0.00250009058299214	0.000153020554574959	0.00152436303932708	0.0137736034334367	0.00690166914260179	0.0070779285481358	1	0	1	1
Acetitomaculum	0	0.00186199707577918	0	0	0	0	0	0	8.08682944299074e-05	0.00238912641762383	0.00216493351208377	1.26072884487627e-06	1	1	1
Catenisphaera	0	0.00576782997654069	0	0	0	0	0	0	0.0100276685093085	0.00756292498520478	0.00275145838617341	0	0	1	8.89564518047337e-07
Ruminococcaceae_UCG-005	0.047915814755193	0.00743662338129154	0.0685974934679598	0.037281785571941	0.0600077815103722	0.0399969201782673	0.00605819051414906	0.0141498069635878	0.0035841983352684	0.013561028781236	0.00435364505960361	6.54232223951112e-12	0	0	0
CAG-873	0.00259584974610881	0	0.000265710110269696	0.000920685532084496	0.00347795555049441	0.00461067429979347	0.000698912486477253	0.000747309685133519	0	0	0	0	8.49960457571797e-09	0	0
Lysinibacillus	0	0.00467891188538238	0	0	0	0	7.11723509650971e-06	8.17950899151116e-06	0.000613732591655547	3.77429133905818e-06	0.00977900014493279	7.89590615113411e-13	1	1	1
Alloprevotella	0.00524475524475524	0.00580218904252384	0.00529205969620477	0.00825029892387405	0.00309362485528289	0.00386336461465995	0.00389312759779081	0.0192813334681713	0.0136421924549881	0.0082324842687537	0.000905829921373963	1	1	1	0.00118181383372296
Peptoclostridium	0	0	0	0	0	0	0.000673290440129818	1.04102841710142e-05	0	0	0	NA	NA	NA	NA
Klebsiella	4.52914960686981e-05	0.000457504178591025	0	5.97847748106815e-05	9.48964679534628e-05	0	0.00141277116665718	0.00297882845636306	0.000255601573465957	4.45366378008865e-05	0.000846384832783797	1	1	1	1
Ruminiclostridium_5	0.000288571532094848	0.00710228323922473	0	0.000243124750896772	0.000204027406099945	0.000538968803217508	0.00440485680122986	0.000377744597062515	0.0103872436041844	0.0122755051511528	0.00193451302583427	1	1	1	1
Anaeroplasma	0.00308758598914039	3.70020710587773e-06	0.0186661352464461	0.000398565165404544	0.002685570043083	0.000153991086633574	8.96771622160223e-05	0.000537616818260233	7.22038343124173e-06	6.79372441030472e-06	0	0	0	0	0
Lachnospira	0.00442174405904976	0.000828582091209048	0.00315530755945264	0.0030530091669988	0.00289434227258061	0.00795318670966339	0.0111100039856517	0.00568698952427976	0.00232640754154609	0.00100169692138604	0.000111530309069169	0	1	0.000495489958504791	0
Corynebacterium	9.05829921373963e-06	0.00181045847680446	0	2.78995615783181e-05	0	0	0	5.2051420855071e-06	2.74374570387186e-05	6.03886614249309e-06	0.00386279847095909	0	1	1	1
Fusicatenibacter	0.00344732987220034	0.000749556239447802	0.00649882644701298	0.00416102032682344	0.00230598417126915	0.00247744483495779	0.0111192563912771	0.00200769766155274	0.00121302441644861	0.00142668212616399	6.0011232291025e-05	0	0	6.99351687671879e-12	0
Comamonas	0	0.00652822253679856	0	0	0	0	0	0	0.000815903327730316	0	0.0136638782202254	7.2888237667712e-09	1	NA	1
Candidatus_Methanogranum	0.00120216570993773	0.00559471314408712	0.000885700367565653	0.000801115982463133	0.00239613581582494	0.000647668393782383	3.55861754825485e-06	0.000225308293129807	0.0014368563028171	0.0150443252774859	0.000137572919308671	1	1	0.550891725781383	0
Paraprevotella	0	0	0	0	0	0	0.00161347719637875	0.000319000850668935	0	0	0	NA	NA	NA	NA
Ruminococcaceae_UCG-008	0.00947886310580611	0.00964723282654592	0.0106062619015987	0.0103826225587884	0.00495359562717076	0.0123102286314722	0.000223481182030405	0.00441396048851002	0.00654599961876375	0.0193183327898354	0.00360973223667524	0.0129014019445659	0.00243453053230169	1	0
Veillonella	0	2.82801543092083e-05	0	0	0	0	0.00103769287707112	0.00275798171359226	4.33223005874504e-06	2.94394724446538e-05	3.67993405558172e-05	1	1	1	1
Allorhizobium-Neorhizobium-Pararhizobium-Rhizobium	0	0.00261023181268917	0	0	0	0	0	0	0.000300367950739656	0	0.00547347729990217	0	1	NA	1
Lachnospiraceae_UCG-009	0	0.00127683575203538	0	0	0	0	0	0	0	0	0.00273504021884851	0	NA	NA	1
Pseudomonas	0	0.00154827237330227	0	0	0	0	1.42344701930194e-06	0.000490770539490669	0.000451996002795732	3.77429133905818e-06	0.00313643610275735	4.47404602255119e-09	1	1	1
Fibrobacter	0.000640551158685874	0.00274766807662177	0.000143926309729419	0.000402550817058589	0.000365351401620832	0.00137686148048842	0	0.000199282582702272	0.00178054655414421	0.00427702694542073	0.00197980452190297	1	1	1	1
Lachnospiraceae_UCG-002	0	0.00190454945749678	0	0	0	0	0	0	0.00200871067057145	0.000360822252013962	0.00302150893148302	3.38395977905748e-13	1	1	1
Barnesiella	1.42344701930194e-05	1.05720203025078e-06	0	4.38421681944998e-05	0	0	0.00453083186243808	0.000216385192411795	0	0	2.26457480343491e-06	1	NA	1	1
Libanicoccus	0	0.0032186515810985	0	0	0	0	0.00010960542048625	1.56154262565213e-05	0	0.00465068178798749	0.00340648664806696	0	NA	0	0.000287549356498218
Dorea	0.0033735694357456	0.00667649512154123	0.00345423143350604	0.00279394180948585	0.0019785913568297	0.00533080908728577	0.0101399248419974	0.00799881620197141	0.0147339144297919	0.0101686957256905	0.000898470053262799	0	1	1	3.94301734463198e-06
Parabacteroides	0.00138591977970216	0.00145470999362507	0.000553562729728533	0.000629732961339179	0.000303668697451081	0.00361879053588898	0.00921397255594147	0.00371275349041956	0.00287082445226171	0.0024653671026728	0.000141535925214682	1	1	1	1
Ruminiclostridium_6	0.012131650732687	0.000626656503431149	0.00534741596917763	0.0047190115583898	0.0107802387595134	0.0246204572629443	0.00317784547059158	0.00370234320624855	1.44407668624835e-06	0.00176863292148266	1.52858799231856e-05	0	0	1.30846444790222e-11	0
Sphingopyxis	0	0.00260679590609086	0	0	0	0	0	0	0.000503982763500673	0	0.00538629116996993	0.000103588880683958	1	NA	1
Lachnospiraceae_NK4A136_group	0.00962638397871558	0.000815367065830913	0.00788273327133431	0.00956556396970905	0.0096984190248439	0.0103400485524838	0.0072581563514206	0.00986894939412146	0.00194517129637652	0.00129156249622571	1.52858799231856e-05	0	4.16034685990496e-06	0	0
Dietzia	0	0.000761185461780561	0	0	0	0	0	0	8.95327545473975e-05	0	0.00159539294901989	8.8246492531141e-06	1	NA	1
Devosia	0	0.00186146847476406	0	0	0	0	0	0	0.000238272653230977	0	0.00389393637450632	1.92096116791163e-10	1	NA	1
Roseburia	0.0024780918563302	0.00115578611957166	0.00149461937026704	0.00376644081307294	0.00187895006547856	0.00198829667741585	0.00938834481580596	0.00863607431158278	0.00211124011529508	0.00119569549621363	0.00075127269103953	0.000316035900574718	1	9.135086052936e-06	4.73718781091037e-06
Coprococcus_2	0.000745368621016289	0.000528601015125389	0.00049820645675568	0.000486249501793543	0.000792385507411414	0.00109605420486249	0.00770938905653932	0.00390088219722432	0.00124768225691857	0.000849970409555902	5.66143700858727e-06	7.90491425206596e-07	1	1	0
Elusimicrobium	0.00152308831065308	9.06550740940043e-05	0.00348744519728976	0.00111598246313272	0.00192165347605762	0.000801659480415957	2.91806638956898e-05	0.00207610810039083	0	0.00015701051970482	7.64293996159281e-05	1.12798659301916e-13	0	4.51420234526267e-10	0
Sphaerochaeta	1.29404274481995e-05	0.0114925789703487	0	1.99282582702272e-05	2.37241169883657e-05	0	0	0	0.0272381744560163	0.0140584803797239	0.00339516377404978	1	0	0.290822234805205	1
Novosphingobium	0	0.000796337429286399	0	0	0	0	0	0	0.000387012551914557	7.54858267811636e-07	0.00155349831515635	1.86717285650673e-05	1	1	1
Weissella	0.00119957762444809	0.000504285368429621	0	0.00369469908330012	0	0	7.90013095712578e-05	0.000558437386602262	5.77630674499339e-06	0	0.00107793760643502	0.0602893314439994	1	0	1
Olsenella	3.88212823445984e-05	0.00581513976739441	0	0.000111598246313272	9.48964679534628e-06	0	0.000260490804532255	0.000188872298531258	0.0086861212677838	0.0109718649226421	0.000822040653646871	1	0	1	1
Ruminococcaceae_NK4A214_group	0.0145709213066726	0.0116482519693031	0.00889021743944024	0.010701474691112	0.0227514281918427	0.0134832783796514	0.00470947446336047	0.00470619203702492	0.00826300679871304	0.0148541009939974	0.0105710351824341	1	1	1	2.02146477334963e-09
Intestinibacter	0.0013949780789159	0.000432131329865006	0.000664275275674239	0.000884814667198087	0	0.00360520308706837	0.0047294027216307	0.00204487724787779	8.37564478024041e-05	0.000693714748118893	0.000372522555165042	0.499878615421234	2.1431745267364e-11	1	1
Rummeliibacillus	5.95259662617176e-05	0.000520407699390946	0	0.00018333997608609	0	0	0	0	0.0011321561220187	0	0.000670880285517591	0.0568962572579288	1	1	1
Cellvibrio	0	0.00132996015405548	0	0	0	0	0	0	0.00016606881891856	0	0.00278372857712236	0.00591185348485546	1	NA	1
Acidaminococcus	3.23510686204987e-05	4.22880812100312e-06	0	0	6.16827041697508e-05	5.43497952824378e-05	0.000535927802767181	5.0564237402069e-05	0	1.20777322849862e-05	0	1	NA	1	0.0519390073738464
Mitsuokella	6.47021372409973e-05	0	0	0	0.000147089525327867	8.60538425305265e-05	0.000539486420315436	6.39488884790872e-05	0	0	0	1	NA	NA	3.05259246609069e-05
Sphingobacterium	0	0.00578633101207008	0	0	0	0	0	0	0.00157837581806944	0	0.0117757889778615	1.15241878262395e-08	1	NA	1
CAG-352	0.000402447293639003	6.34321218150467e-06	0	0	0.00147564007667635	0	0.00118288447303991	0.000208205683420284	0	1.81165984274793e-05	0	1	NA	1	0
Sutterella	0.00994342445119647	0.00368699208049959	0.0150790487578052	0.0132762056596253	0.0103911632409042	0.00362784883510272	0.00776490349029209	0.00422657537343177	0.0079510862344834	0.00566143700858727	0.000534439653610638	2.2198776150617e-10	0	1	0
Erysipelothrix	0	0.000833339500345176	0	0	0	0	0	0	0	0	0.00178505108880757	1.09418083482637e-08	NA	NA	1
Erysipelatoclostridium	0	0.000103077197949451	0	0	0	0	0.00128821955246826	0.000321975217574939	2.16611502937252e-05	0.000283071850429363	0	1	1	1	NA
Lachnoclostridium	0.000543497952824378	0.00262344683806731	0.000132855055134848	0.000223196492626544	0.000128110231737175	0.00147197362223269	0.00776917383135	0.00199356941874922	0.00752652768872638	0.00348518062248632	5.49159389832965e-05	1	1	1	0.446678793592502
Prevotellaceae_NK3B31_group	0.00197082710036078	0.000811931159232598	0.00116248173242992	0.00212036667995217	0.00145191595968798	0.00262690677198449	0.000141632978420543	0.00859740754180473	0.00189751676573033	0.00132704083481286	0	0	1	0.00277777644005273	0
Tyzzerella_4	0	0	0	0	0	0	0.00107114388202471	0	0	0	0	NA	NA	NA	NA
Gemmobacter	0	0.00200604085240085	0	0	0	0	0	0	0.000320585024347133	0	0.0041713467879271	2.78522449548291e-09	1	NA	1
Solibacillus	0	0.00319407163389517	0	0	0	0	0	8.32822733681136e-05	0.000228164116427239	6.03886614249309e-06	0.00674786677053516	3.40588783842577e-08	1	1	1
Tissierella	0	0.000200868385747648	0	0	0	0	0	0	0	0	0.000430269212652632	1	NA	NA	1
Parasutterella	0.000590083491637896	0	0.00409636419999114	7.97130330809087e-05	0.000313158344246427	0	0.00239921995103342	0.000154667079112211	0	0	0	0.00217669388913322	2.25597318603832e-13	4.20645177783285e-05	0.0519390073738464
Butyrivibrio	0.000274337061901829	3.17160609075234e-06	0	4.38421681944998e-05	0.000934730209341608	1.81165984274793e-05	0.000426322382280931	0.00170431223714032	0	9.05829921373963e-06	0	1	NA	1	0
Desulfovibrio	0.00784836924733298	0.00327151168261104	0.00987555909835703	0.00439218812275807	0.00894399210461387	0.00990072104061741	0.00162913511359107	0.00130351629655628	0.00563478722974105	0.00282015048854427	0.00268352114207036	0.00517258315173752	1	1	0
Turicibacter	9.05829921373963e-06	0	0	7.97130330809087e-06	0	2.26457480343491e-05	0.00140850082559927	0.000499693640208682	0	0	0	1	NA	1	NA
Lachnospiraceae_AC2044_group	0.00410340954382405	0.000457239878083462	0.00399672290864001	0.0016580310880829	0.0015895158382205	0.00932551904054495	0	0.000922797332587759	0.000138631361879841	0.00052613621266471	0.000530476647704627	0.0478321990098172	0	2.09398303141484e-08	1
Butyricicoccus	0.000450326875197342	0.00259754538832616	0.00034320889243169	0.000342766042247908	0.000308413520848754	0.000751838834740389	0.0031906564937653	0.00246500657335086	0.0048506535891082	0.00454273705569042	0.000255330809087286	1	1	1	1
Sphingorhabdus	0	0.000226769835488792	0	0	0	0	0	0	0	0	0.000485751295336788	1	NA	NA	1
Oscillospira	0.00158908449063889	5.55031065881659e-06	0.0036203002524246	0.000761259465922678	0.00157528136802748	0.00171201855139679	0	0.000383693330874523	0	1.58520236240444e-05	0	0	0	0	0
Cellulosilyticum	0.000835951613153686	8.80120690183773e-05	0.000121783800540277	0.000207253886010363	0	0.0026404942208051	7.11723509650971e-06	0.000258769920822353	0	0.000251367803181275	0	0.00134386007872056	6.30285393441454e-05	1.6738080255152e-08	NA
Family_XIII_AD3011_group	0.000417975806576843	0.00521702771878003	8.85700367565653e-05	0.000577919489836588	0.000232496346485984	0.000548027102431247	0.00118288447303991	0.000392616431592536	0.00382391506518562	0.00423475488242328	0.00649989582955904	2.10328423966288e-05	1	1	5.76260263507322e-05
Terrisporobacter	0.00266572805432909	5.81461116637928e-06	0.000354280147026261	0.00182941410920686	0	0.00710623573317874	0.00130174229915163	0.00104846433436643	0	1.6606881891856e-05	0	3.38395977905748e-13	2.25597318603832e-13	0	NA
Haemophilus	3.23510686204987e-05	3.75306720739026e-05	0.000121783800540277	0	1.89792935906926e-05	4.52914960686981e-05	0.00127042646472698	0.00193631285580864	0	6.79372441030472e-05	2.94394724446538e-05	1	0.110023720786343	1	1
Family_XIII_UCG-001	0.000183754069764432	0.00103209348203232	0.00034320889243169	0.00022718214428059	0.00015183434872554	9.96412913511359e-05	0.000192877071115413	0.000237949352480325	7.36479109986657e-05	0.00167729507107745	0.000923946519801442	1	8.80216471284001e-05	1	1
Coprococcus_3	0.00125910359070981	0.000285973149182836	0.00345423143350604	0.0010003985651654	0.000906261268955569	0.000991883763904489	0.00310596139611684	0.00275872530531876	0.000272930493700938	0.000652197543389253	1.64181673249031e-05	4.51194637207664e-13	2.45370923579458e-09	1	0
Coprobacter	0	0	0	0	0	0	0.000654073905369242	2.00769766155274e-05	0	0	0	NA	NA	NA	NA
Prevotellaceae_UCG-004	0.00334898262359402	0.00219845162190649	0.00274567113945352	0.00172977281785572	0.00359657613543624	0.00519946374868655	1.77930877412743e-05	0.000746566093407018	7.22038343124173e-06	0.000710321630010749	0.00417361136273053	9.40668893640861e-05	0	3.13580272859326e-11	0.280277909837764
BD1-7_clade	0	0.00019029636544514	0	0	0	0	0	0	0	0	0.000407623464618283	1	NA	NA	1
Timonella	0	0.00194895194276731	0	0	0	0	0	0	0.000293147567308414	0	0.00405981647885793	0	1	NA	1
CAG-56	2.97629831308588e-05	3.62091695360892e-05	0	0	0	0.000104170440958006	0.00177788532710812	0.00073318144233	0	9.81315748155126e-05	3.96300590601109e-06	1	NA	1	1
Leadbetterella	0	0.00151021310021324	0	0	0	0	0	0	0.000228164116427239	0	0.00314549440197109	1.87253219152694e-07	1	NA	1
Caulobacter	0	8.64262659730012e-05	0	0	0	0	0	0	2.74374570387186e-05	0	0.000174372259864488	1	1	NA	1
dgA-11_gut_group	0.0013561567965713	0.00121948254189427	0.000929985385943935	0.000115583897967318	0.000284689403860388	0.00396300590601109	2.84689403860388e-06	0.000677412062842424	0.00136320839181844	0.0027703298428687	0	1	1	1	0
Ruminococcaceae_UCG-013	0.000402447293639003	0.000812195459740161	9.96412913511359e-05	0.000286966919091271	0.000351116931427812	0.000706547338671691	0.00228107384843136	0.00159574784507118	0.00160725735179441	0.00102434266942039	0.000341384651617812	1	1	1	1
DTU089	0	0	0	0	0	0	0.000198570859192621	0	0	0	0	NA	NA	NA	NA
Tyzzerella_3	0	0.000287030351213086	0	0	0	0	0.000547315378921597	1.26410593505172e-05	0.00147151414328707	5.05755039433796e-05	0	1	1	1	NA
Campylobacter	0.000341627284632466	0	0.000276781364864266	6.77560781187724e-05	0	0.0010054712127251	0	0.00068187361320143	0	0	0	0.0640002574787424	8.49960457571797e-09	0.0558133513552193	NA
Marvinbryantia	0.00163955215768687	0.00162782682607864	0.00377529781674859	0.00129932243921881	0.00163221924879956	0.00115946229935867	0.000274013551215624	0.00398119010368643	1.44407668624835e-06	0.00464011377223812	6.22758070944599e-06	2.60360737414089e-07	0	1	0
Caryophanon	0	0.00142907284439149	0	0	0	0	0	0	6.64275275674239e-05	0	0.00303509638030363	0.000279601854886735	1	NA	1
Ruminiclostridium_9	0	0.00122873305965897	0	0	0	0	0.000440556852473951	0	0.00154516205428573	0.000607660905588367	0.00157048262618211	1	1	1	1
Erysipelotrichaceae_UCG-006	0	0.00307725080955245	0	0	0	0	0	0	0.00491274888661688	0.00536251313453386	0.000643705387876372	1	1	0	1
Corynebacterium_1	0	0.00053653003035227	0	0	0	0	0	0	0	0	0.00114927171274322	0	NA	NA	1
Arcobacter	0	0.000378214026322216	0	0	0	0	0	0	0	0.00106435015761441	1.18890177180333e-05	1	NA	1	1
Odoribacter	1.42344701930194e-05	4.7574091361285e-06	0	0	0	4.9820645675568e-05	0.00221559528554347	0.000609001624004331	0	1.35874488206094e-05	0	1	NA	1	NA
Oceanobacter	0	0.000379271228352467	0	0	0	0	0	0	1.44407668624835e-06	0	0.000811850067031414	0.995371910162158	1	NA	1
Aquabacterium	0	0.000201661287270336	0	0	0	0	0	0	0.0001314109784486	0	0.000380448566977064	1	1	NA	1
Prevotellaceae_UCG-003	0.00750674196270051	1.61223309613244e-05	0.0130862229307825	0.00854523714627342	0.00731177285581431	0.00423022573281641	0.000121704720150316	0.00233190365430718	0	4.60463543365098e-05	0	0	0	0	0
Ruminococcaceae_UCG-010	0.0135758024359061	0.00244900850307593	0.0153004738496966	0.00760063770426465	0.016882081648921	0.0165042211674336	0.00209816090645106	0.00452921720611768	0.00169534602965556	0.00390865611072865	0.00164974274430233	2.25597318603832e-13	0	0.17808307363455	0
Hafnia-Obesumbacterium	0	0	0	0	0	0	0.000209958435347036	0	0	0	0	NA	NA	NA	NA
Perlucidibaca	0	0.000193732272043455	0	0	0	0	0	0	0	0	0.000414983332729447	0.0490241812964971	NA	NA	1
Aeromicrobium	0	0.000142722274083855	0	0	0	0	0	0	1.29966901762351e-05	0	0.000300622305155984	1	1	NA	1
Citrobacter	0	4.99527959293493e-05	0	0	0	0	0.000227751523088311	0.000272898163625872	0	7.54858267811636e-06	0.000101339722453712	1	NA	1	1
Sphingomonas	0	0.000132943155304035	0	0	0	0	0	0	0	0	0.00028477028153194	1	NA	NA	1
Taibaiella	0	0.00128000735812613	0	0	0	0	0	0	0.000417338162325772	0	0.00257821841371064	0.000519031576525109	1	NA	1
Methanocorpusculum	0.00119698953895845	0	0	0.00201275408529295	0.00199282582702272	0	0	0	0	0	0	0.271254314404595	NA	1.59499014280584e-05	2.48157050464215e-12
Methanosphaera	0.00155414533652876	0.000326411126839928	0.000132855055134848	0.000398565165404544	0.00127635749397407	0.00371390267763325	0.0002932300859762	0.000127897776958174	0.000493874226696934	0.000674088433155791	0	1.25240145001371e-05	1	0.368203581557099	0
Vitreoscilla	0	0.000419180604994434	0	0	0	0	0	0	3.3213763783712e-05	0	0.00088488260444219	1.28500232676743e-09	1	NA	1
Asteroleplasma	0	0.000935888097279502	0	0	0	0	0	0	0.00227730893421364	0.00148254163798205	0	1	1	0.505870822082665	NA
Fluviicola	0	0.000957825039407206	0	0	0	0	0	0	3.03256104112153e-05	0	0.00203981575419399	0.00206922928509279	1	NA	1
Fournierella	0.00469349303546195	0	0.0100416279172756	0.00399760860900757	0.0042039135303384	0.00376372332330882	0.000484683710072311	0.000257282737369351	0	0	0	0	0	0	0
Pseudobutyrivibrio	0	0.00073951282016042	0	0	0	0	0	0	0	0.0016025641025641	0.000382146998079641	1	NA	1	1
Anaerosporobacter	6.98783082202771e-05	1.69152324840125e-05	0.00033213763783712	8.36986847349542e-05	1.42344701930194e-05	0	0.000148038490007402	3.71795863250507e-06	0	1.50971653562327e-05	2.4910322837784e-05	1	8.49960457571797e-09	1	1
Prevotella	0.000436092405004322	0	0	0	0.00111503349845319	0.000461973259900721	0	0	0	0	0	1	NA	NA	0
Lachnospiraceae_FCS020_group	0	0.000243420767465242	0	0	0	0	0	0	0.00132855055134848	0	5.66143700858727e-07	1	1	NA	1
UBA1819	0.000115169804288975	4.6781189838597e-05	0	0	0	0.000403094315011413	0.00139426635540625	4.61026870430629e-05	0	0.000121532181117673	9.05829921373963e-06	1	NA	1	1
Niabella	0	8.90692710486281e-05	0	0	0	0	0	0	0	0	0.000190790427189391	1	NA	NA	1
Shuttleworthia	0.000889007365691304	2.00868385747648e-05	0.000132855055134848	0.000470306895177361	0.000958454326329974	0.00160784811043878	0	9.14617823596248e-05	0	5.73692283536843e-05	0	0	8.49960457571797e-09	6.92583768113764e-11	0
Anaerocolumna	0	0.00021672641620141	0	0	0	0	0	0	0	0	0.000464237834704156	0.000890251849909873	NA	NA	1
Verrucomicrobium	0	0.000174966936006504	0	0	0	0	0	0	0	0	0.000374787129968477	1	NA	NA	1
Rhabdobacter	0	0.000373456617186088	0	0	0	0	0	0	0	0	0.000799961049313381	7.86485586115049e-05	NA	NA	1
Mycobacterium	0	0.000118142326880525	0	0	0	0	0	0	2.59933803524702e-05	1.50971653562327e-06	0.000241743360266676	0.11305116024973	1	1	1
Lachnospiraceae_UCG-003	0.000100935334095956	2.93373563394591e-05	0	0.000107612594659227	0.000185048112509252	5.43497952824378e-05	9.46592267835791e-05	0.000660309453132901	4.62104539599471e-05	5.96338031571192e-05	0	1	1	1	3.05259246609069e-05
Z20	0.00232539481244144	0.000811666858725035	0.00247996102918383	0.000645675567955361	0.00125263337698571	0.00519493459907968	0	0.000295205915420903	0	0.00143423070884211	0.000662954273705569	1	0	1	3.38395977905748e-12
GCA-900066575	0.000366214096784045	0.000506664072997686	0.00131747929675391	0.000310880829015544	0.000403309988802217	4.52914960686981e-06	0.000130957125775779	0.000123436226599168	0.00208669081162886	0.000354028527603657	1.69843110257618e-06	0	1	1	0
Denitrobacterium	0	0.000489220239498548	0	0	0	0	0	0	0	0	0.0010479319902895	0	NA	NA	1
Peptococcus	0.00074019245003701	0.000848140328768687	5.53562729728533e-05	0.000334794738939817	9.96412913511359e-05	0.00209246711837385	0.000185759836018903	0	0.00127511971395729	0.000705037622136068	0.000788072031595348	1	1	1	1
Oscillibacter	0.000265278762688089	0.000156994501492241	6.64275275674239e-05	0.000131526504583499	6.64275275674239e-05	0.000688430740244212	0.000978619825770085	0.000854386893749665	0.000114082058213619	0.000382713141780499	4.52914960686981e-06	0.303024640612723	1	1	8.79643424767096e-07
Phoenicibacter	3.36451113653186e-05	0.00144863108195113	0	0.000103626943005181	0	0	0	0	0.00308021557176772	0.000760897133954129	0.00132477626000942	5.73295801942209e-08	0.00507818671308158	1	1
Arthrobacter	0	0.000203775691330838	0	0	0	0	0	0	0.000249825266720964	0	0.000338553933113519	1.16154604405949e-05	1	NA	1
Pirellula	0	7.32112405948664e-05	0	0	0	0	0	0	8.66446011749008e-06	0	0.000153424942932715	1	1	NA	1
Ottowia	0	0.000457504178591025	0	0	0	0	0	0	1.15526134899868e-05	0	0.000975465596579586	0.000195415685906752	1	NA	1
Viridibacillus	0	0.000216462115693847	0	0	0	0	0	0	2.02170736074769e-05	0	0.000455745679191275	0.477771577302731	1	NA	1
Leucobacter	0	0.000613441478053014	0	0	0	0	0	0	2.16611502937252e-05	0	0.00130552737418022	4.79264300450311e-05	1	NA	1
Bilophila	2.84689403860388e-05	7.5325644655368e-05	0	0	9.48964679534628e-05	9.05829921373963e-06	0.00140280703752206	0.000266205838087363	0	0.000215134606326316	0	1	NA	1	0.0519390073738464
Paraclostridium	0	4.12308791797804e-05	0	0	0	0	7.11723509650971e-07	0	0	0	8.83184173339614e-05	1	NA	NA	1
Ruminococcaceae_UCG-012	0.000358449840315125	0	0	0.00110402550817059	0	0	0	0	0	0	0	1	NA	0.0558133513552193	NA
Lachnospiraceae_NC2004_group	9.44651203718561e-05	1.2950724870572e-05	0	0.00022718214428059	2.84689403860388e-05	4.52914960686981e-05	0	0.000515309066465203	5.19867607049405e-05	9.81315748155126e-06	0	1	1	1	0.00158707172677985
Tyzzerella	0	0.000197696779656896	0	0	0	0	0.000134515743324033	0	0.00108016936131376	0	0	0.276963659239646	1	NA	NA
Candidatus_Soleaferrea	0.00109605420486249	0	0.000708560294052522	0.000725388601036269	0.000180303289111579	0.00254991122866771	4.9820645675568e-05	0.000201513357881775	0	0	0	0	2.25597318603832e-13	0	0
Anaerobium	0	9.25051776469432e-05	0	0	0	0	0	0	0	0.000259671244127203	3.39686220515236e-06	1	NA	1	1
Paenibacillus	0	0.000391164751192788	0	0	0	0	0	0	0.000239716729917226	0	0.000743912822928367	9.21272558445096e-05	1	NA	1
Ruminococcaceae_UCG-003	0.00132380572795081	0.000383764336981033	0.000941056640538506	0.00123953766440813	0.000972688796522993	0.00191130113409906	0.00127042646472698	0.00228877533417012	0.000644058202066762	0.000719379929224489	3.00056161455125e-05	0	1	1	0
Incertae_Sedis	0.000421857934811303	0.000171266728900626	0	0.000422479075328816	0.000835088917990472	0.000199282582702272	0	5.2795012581572e-05	0	0.000475560708721331	1.01905866154571e-05	1	NA	1	0
Ketogulonicigenium	0	0.00021381911061822	0	0	0	0	0	0	0	0	0.00045801025399471	0.561794667963372	NA	NA	1
Acholeplasma	0	0.000196639577626645	0	0	0	0	0	0	0	0	0.000421210913438893	5.32745069694585e-05	NA	NA	1
Prevotellaceae_Ga6A1_group	0	0.000227827037519043	0	0	0	0	0	0	0	0.00065068782685363	0	1	NA	1	NA
Lachnospiraceae_UCG-001	0.000257514506219169	3.91164751192788e-05	0	0.000195296931048226	0.000256220463474349	0.000434798362259502	0.000889654387063713	0.000573309221132282	1.73289202349802e-05	0.000102660724422382	0	1	1	1	2.48157050464215e-12
Paeniclostridium	0	8.19331573444354e-06	0	0	0	0	3.34510049535956e-05	0.000174000464001237	0	0	1.75504547266205e-05	1	NA	NA	1
Hungatella	0	3.06588588772726e-05	0	0	0	0	8.11364801002107e-05	2.23077517950304e-05	0	8.75635590661497e-05	0	1	NA	1	NA
Slackia	3.49391541101386e-05	0.00110583332364231	3.3213763783712e-05	3.58708648864089e-05	5.69378807720777e-05	1.35874488206094e-05	0.000441268575983602	0.000191103073710761	0.00127223156058479	0.00182826672463978	0.000498772600456538	1	1	0	1
Moheibacter	0	4.46667857780954e-05	0	0	0	0	0	0	0	0	9.56782854451248e-05	1	NA	NA	1
Ruminococcaceae_UCG-009	0.000434798362259502	4.91598944066612e-05	0.00016606881891856	0.00036667995217218	0.000778151037218395	0.000294394724446538	7.82895860616068e-05	0.000415667775114067	0	0.000140403637812964	0	0	2.25597318603832e-13	5.22232288791002e-06	0
Lachnospiraceae_UCG-004	0.000353273669335846	0.000630885311552152	0.000188211328107701	0.000422479075328816	0.000147089525327867	0.000538968803217508	0.00148394351762227	0.000846950976484655	0.00070759757626169	0.000649178110318007	0.0005870910177905	1	1	1	1
Aquamicrobium	0	0.000121049632463714	0	0	0	0	0	0	0	0	0.000259293814993297	1	NA	NA	1
Lachnoclostridium_12	0	5.28601015125389e-07	0	0	0	0	0	0.000125667001778671	0	1.50971653562327e-06	0	1	NA	1	NA
Butyricimonas	0.000355861754825485	3.70020710587773e-06	0	0.000534077321642088	0.000298923874053408	0.000353273669335846	0.000325257643910494	0.0002201031510443	0	1.05680157493629e-05	0	0.00142871111198772	NA	1.04910813742976e-05	2.48157050464215e-12
Vagococcus	0	0.000186860458846825	0	0	0	0	0	5.2051420855071e-06	4.33223005874504e-06	0	0.000398565165404544	0.752249529358064	1	NA	1
Morganella	0	3.93807756268415e-05	0	0	0	0	0	0	1.29966901762351e-05	0	7.92601181202217e-05	1	1	NA	1
Schwartzia	0	0.000435302935955758	0	0	0	0	0	0	0	0.000966218582798894	0.000207774738215153	1	NA	0.00106819943143677	1
Xylophilus	0	0.000211704706557718	0	0	0	0	0	0	9.24209079198942e-05	0	0.000417247907532882	1	1	NA	1
Intestinimonas	0.001063703136242	0.00134079647486555	0.000177140073513131	0.000542048624950179	0.00033213763783712	0.00271748976412189	0.000236292205204122	0.000504898782294189	0.000493874226696934	0.00330703407128278	0.000198150295300554	1	1	1	0.276166709526299
Oxalobacter	3.49391541101386e-05	0.000326675427347491	0	5.18134715025907e-05	6.64275275674239e-05	0	0.000127398508227524	0.000216385192411795	0.000261377880210951	0.000490657874077563	0.000229288198847784	1	1	0.013532481658947	1
Dehalobacterium	0.000694900953968311	1.69152324840125e-05	0	0.000956556396970905	0.00135701949173452	4.9820645675568e-05	3.55861754825485e-06	7.80771312826065e-05	2.59933803524702e-05	3.47234803193352e-05	0	5.73669023378187e-05	1	3.62776280127264e-08	0
Sellimonas	0	0	0	0	0	0	9.53709502932301e-05	1.04102841710142e-05	0	0	0	NA	NA	NA	NA
Negativibacillus	0.000194106411722992	0	0	0.000334794738939817	0	0.000298923874053408	0.000653362181859591	6.17181132995842e-05	0	0	0	1.25838748310514e-06	NA	0	NA
Coprococcus_1	0.00072984010807845	0.000552652361313595	0.000143926309729419	0.00133120765245118	0.000403309988802217	0.000597847748106815	0.00161632409041735	0.00110423371385401	0.00104117929078506	0.000963199149727647	5.32175078807203e-05	0	1	1	0
Eggerthella	0	7.92901522688084e-06	0	0	0	0	0.000534504355747879	6.91540305645943e-05	0	2.26457480343491e-05	0	1	NA	1	NA
Candidatus_Methanomethylophilus	5.17617097927979e-06	0.000344647861861754	0	1.59426066161817e-05	0	0	0	0	0.000636837818635521	2.34006063021607e-05	0.000471031559114461	1	1	1	1
Enterorhabdus	0.00023810386504687	0	0.000121783800540277	0.000251096054204862	3.79585871813851e-05	0.000461973259900721	0.000283265956841086	0.000412693408208063	0	0	0	0	6.30285393441454e-05	0	4.24208009164317e-07
Coprobacillus	0	0	0	0	0	0	0.000132380572795081	2.75128938805375e-05	0	0	0	NA	NA	NA	NA
Flavonifractor	0	1.50651289310736e-05	0	0	0	0	0.000827734441724079	6.32052967525862e-05	0	4.30269212652632e-05	0	1	NA	1	NA
Lachnospiraceae_UCG-010	3.88212823445984e-06	2.66943512638322e-05	0	1.19569549621363e-05	0	0	0.000681119398735979	0.000527206534089219	0	7.62406850489752e-05	0	1	NA	1	NA
Caproiciproducens	0.000185048112509252	2.80158538016456e-05	0.000852486603781941	0	0.00015183434872554	0.000153991086633574	0	0.000211180050326288	1.73289202349802e-05	7.09566771742937e-05	0	1	0	1	2.48157050464215e-12
Micrococcus	0	0.000130300150228408	0	0	0	0	0	0	0	0	0.000279108844523352	1.90395507804197e-06	NA	NA	1
Alicycliphilus	0	7.84972507461203e-05	0	0	0	0	0	0	0	0	0.000168144679155042	1	NA	NA	1
Ochrobactrum	0	4.38738842554073e-05	0	0	0	0	0	0	0.00014007543856609	2.26457480343491e-06	3.7365484256676e-05	0.217412398874174	1	1	1
Ruminococcaceae_UCG-004	0	6.60751268906737e-06	0	0	0	0	0.000589307065991004	5.130782912857e-05	0	1.88714566952909e-05	0	1	NA	1	NA
Helicobacter	0	0	0	0	0	0	0	4.53590953165619e-05	0	0	0	NA	NA	NA	NA
Pseudorhodobacter	0	0.000211440406050156	0	0	0	0	0	0	2.59933803524702e-05	0	0.000442724374071524	2.35534361614498e-06	1	NA	1
Adlercreutzia	0	0	0	0	0	0	0.000367961054489552	1.26410593505172e-05	0	0	0	NA	NA	NA	NA
Anaerofilum	0.000961473759401221	1.85010355293886e-06	0.000276781364864266	0.00154244719011558	0.00090626126895557	0.000634080944961774	0.000121704720150316	0.000882643379356704	1.01085368037384e-05	0	0	0	4.24946389188108e-09	0	0
Lachnospiraceae_NK4B4_group	5.30557525376178e-05	0	0	0.000163411717815863	0	0	2.84689403860388e-05	7.58463561031035e-05	0	0	0	0.0117739484654207	NA	5.41433564649196e-12	NA
Syntrophococcus	3.88212823445984e-06	0	0	0	0	1.35874488206094e-05	0.000186471559528554	0.000136077285949686	0	0	0	1	NA	NA	NA
Faecalitalea	0	0	0	0	0	0	0.000116010932073108	0	0	0	0	NA	NA	NA	NA
Candidatus_Stoquefichus	0	0	0	0	0	0	2.77572168763879e-05	0	0	0	0	NA	NA	NA	NA
Leuconostoc	0	1.05720203025078e-06	0	0	0	0	1.06758526447646e-05	1.78462014360243e-05	0	3.01943307124654e-06	0	1	NA	1	NA
Cetobacterium	0	0	0	0	0	0	0	5.94873381200811e-06	0	0	0	NA	NA	NA	NA
Delftia	0	0	0	0	0	0	2.84689403860388e-06	6.69232553850913e-06	0	0	0	NA	NA	NA	NA
